6.660208999999999833e+03 7.268999999999999773e+01 4.360000000000000320e+00
6.664513200000000325e+03 7.445000000000000284e+01 6.169999999999999929e+00
6.669500000000000000e+03 7.196999999999999886e+01 9.689999999999999503e+00
6.683479999999999563e+03 7.368000000000000682e+01 3.830000000000000071e+00
6.686473100000000159e+03 7.253000000000000114e+01 3.669999999999999929e+00
6.696777799999999843e+03 6.543000000000000682e+01 3.729999999999999982e+00
6.715388200000000325e+03 6.235999999999999943e+01 3.310000000000000053e+00
6.717333999999999833e+03 4.682000000000000028e+01 4.719999999999999751e+00
6.720445800000000418e+03 6.670000000000000284e+01 3.379999999999999893e+00
6.722387200000000121e+03 6.596999999999999886e+01 2.759999999999999787e+00
6.726457000000000335e+03 6.421999999999999886e+01 2.850000000000000089e+00
6.739410200000000259e+03 5.929999999999999716e+01 3.919999999999999929e+00
6.745280800000000454e+03 6.754999999999999716e+01 3.490000000000000213e+00
6.747416000000000167e+03 6.434000000000000341e+01 3.609999999999999876e+00
6.749373099999999795e+03 6.328999999999999915e+01 3.259999999999999787e+00
6.751339799999999741e+03 6.854999999999999716e+01 3.649999999999999911e+00
6.755340799999999945e+03 6.401999999999999602e+01 4.349999999999999645e+00
6.768227100000000064e+03 6.687000000000000455e+01 3.009999999999999787e+00
6.772233900000000176e+03 6.060000000000000142e+01 3.399999999999999911e+00
6.780233900000000176e+03 6.328999999999999915e+01 3.080000000000000071e+00
6.782247099999999591e+03 6.193999999999999773e+01 3.459999999999999964e+00
6.783248099999999795e+03 6.327000000000000313e+01 3.790000000000000036e+00
6.795174799999999777e+03 6.018999999999999773e+01 4.379999999999999893e+00
6.799211900000000242e+03 6.443999999999999773e+01 2.959999999999999964e+00
6.804186999999999898e+03 6.946999999999999886e+01 4.759999999999999787e+00
6.808258799999999610e+03 6.723999999999999488e+01 3.939999999999999947e+00
6.813227100000000064e+03 6.728000000000000114e+01 4.070000000000000284e+00
6.825185999999999694e+03 6.053000000000000114e+01 3.490000000000000213e+00
6.829210900000000038e+03 6.092000000000000171e+01 3.959999999999999964e+00
6.833210000000000036e+03 6.113000000000000256e+01 3.740000000000000213e+00
6.837189000000000306e+03 6.114999999999999858e+01 3.359999999999999876e+00
7.038486799999999675e+03 6.082999999999999829e+01 4.519999999999999574e+00
7.050293999999999869e+03 6.335000000000000142e+01 3.859999999999999876e+00
7.067372099999999591e+03 6.562000000000000455e+01 4.030000000000000249e+00
7.082473100000000159e+03 5.771000000000000085e+01 3.689999999999999947e+00
7.097479999999999563e+03 5.921000000000000085e+01 5.589999999999999858e+00
7.106472200000000157e+03 5.282999999999999829e+01 4.629999999999999893e+00
7.127216800000000148e+03 6.278999999999999915e+01 4.830000000000000071e+00
7.135172800000000279e+03 6.659000000000000341e+01 5.049999999999999822e+00
7.159164999999999964e+03 5.638000000000000256e+01 4.679999999999999716e+00
7.166164999999999964e+03 5.150000000000000000e+01 5.099999999999999645e+00
7.185170900000000074e+03 6.543000000000000682e+01 3.830000000000000071e+00
7.195598100000000159e+03 6.500000000000000000e+01 4.860000000000000320e+00
7.428450200000000223e+03 7.901000000000000512e+01 5.370000000000000107e+00
7.435403800000000047e+03 8.695000000000000284e+01 6.230000000000000426e+00
7.451456000000000131e+03 7.521999999999999886e+01 4.860000000000000320e+00
7.463400899999999638e+03 8.637000000000000455e+01 5.790000000000000036e+00
7.480602100000000064e+03 8.062999999999999545e+01 5.070000000000000284e+00
7.490225099999999657e+03 9.200000000000000000e+01 9.730000000000000426e+00
7.492341800000000148e+03 8.332999999999999829e+01 5.530000000000000249e+00
7.510318800000000010e+03 8.632999999999999829e+01 5.459999999999999964e+00
7.518313000000000102e+03 8.587999999999999545e+01 5.150000000000000355e+00
7.543453099999999722e+03 9.937000000000000455e+01 7.719999999999999751e+00
7.550163099999999758e+03 9.112000000000000455e+01 1.530000000000000071e+01
7.570201200000000426e+03 1.002800000000000011e+02 7.549999999999999822e+00
7.576163099999999758e+03 1.004300000000000068e+02 8.039999999999999147e+00
7.780772899999999936e+03 1.325399999999999920e+02 1.138000000000000078e+01
7.789441899999999805e+03 1.201899999999999977e+02 9.880000000000000782e+00
7.805348100000000159e+03 1.242800000000000011e+02 1.058000000000000007e+01
7.817316899999999805e+03 1.276500000000000057e+02 1.098000000000000043e+01
7.831769000000000233e+03 1.332899999999999920e+02 1.251999999999999957e+01
7.843264199999999619e+03 1.297400000000000091e+02 1.158000000000000007e+01
7.859220199999999750e+03 1.238199999999999932e+02 1.097000000000000064e+01
7.874207999999999629e+03 1.331699999999999875e+02 1.208000000000000007e+01
7.892293999999999869e+03 1.286800000000000068e+02 1.127999999999999936e+01
7.901208999999999833e+03 1.360300000000000011e+02 1.241000000000000014e+01
7.918164099999999962e+03 1.424499999999999886e+02 1.355000000000000071e+01
