6.660208999999999833e+03 6.500000000000000222e-01 7.000000000000000666e-02
6.664513200000000325e+03 7.399999999999999911e-01 8.000000000000000167e-02
6.669500500000000102e+03 6.600000000000000311e-01 8.999999999999999667e-02
6.671474100000000362e+03 4.799999999999999822e-01 1.499999999999999944e-01
6.671476599999999962e+03 6.400000000000000133e-01 1.400000000000000133e-01
6.675464399999999841e+03 7.900000000000000355e-01 1.499999999999999944e-01
6.675466800000000148e+03 6.500000000000000222e-01 1.400000000000000133e-01
6.675535200000000259e+03 7.500000000000000000e-01 1.100000000000000006e-01
6.675537099999999555e+03 6.999999999999999556e-01 1.100000000000000006e-01
6.677477499999999964e+03 6.300000000000000044e-01 1.199999999999999956e-01
6.677479999999999563e+03 6.999999999999999556e-01 1.199999999999999956e-01
6.678435999999999694e+03 6.500000000000000222e-01 8.000000000000000167e-02
6.678438500000000204e+03 5.999999999999999778e-01 8.000000000000000167e-02
6.680433600000000297e+03 6.700000000000000400e-01 1.000000000000000056e-01
6.680435999999999694e+03 5.999999999999999778e-01 1.000000000000000056e-01
6.683479999999999563e+03 8.299999999999999600e-01 7.000000000000000666e-02
6.685427200000000084e+03 6.500000000000000222e-01 4.000000000000000083e-02
6.685429699999999684e+03 6.300000000000000044e-01 4.000000000000000083e-02
6.685528800000000047e+03 6.500000000000000222e-01 2.999999999999999889e-02
6.685530800000000454e+03 6.800000000000000488e-01 2.999999999999999889e-02
6.686473600000000260e+03 7.600000000000000089e-01 7.000000000000000666e-02
6.696778299999999945e+03 6.199999999999999956e-01 5.999999999999999778e-02
6.701394500000000335e+03 5.300000000000000266e-01 1.700000000000000122e-01
6.701396999999999935e+03 6.500000000000000222e-01 1.600000000000000033e-01
6.701496600000000399e+03 7.500000000000000000e-01 1.199999999999999956e-01
6.701498499999999694e+03 7.700000000000000178e-01 1.300000000000000044e-01
6.706365200000000186e+03 7.600000000000000089e-01 1.499999999999999944e-01
6.706367199999999684e+03 6.999999999999999556e-01 1.600000000000000033e-01
6.706455100000000130e+03 5.699999999999999512e-01 1.300000000000000044e-01
6.706457000000000335e+03 6.999999999999999556e-01 1.199999999999999956e-01
6.711522500000000036e+03 6.899999999999999467e-01 7.000000000000000666e-02
6.712468300000000454e+03 6.400000000000000133e-01 5.999999999999999778e-02
6.712469199999999546e+03 6.500000000000000222e-01 5.999999999999999778e-02
6.712470199999999750e+03 6.199999999999999956e-01 7.000000000000000666e-02
6.712471700000000055e+03 5.600000000000000533e-01 5.000000000000000278e-02
6.712472200000000157e+03 6.199999999999999956e-01 7.000000000000000666e-02
6.715388200000000325e+03 5.899999999999999689e-01 5.999999999999999778e-02
6.715410600000000159e+03 4.199999999999999845e-01 8.000000000000000167e-02
6.715411600000000362e+03 5.100000000000000089e-01 8.000000000000000167e-02
6.715412599999999657e+03 5.899999999999999689e-01 8.000000000000000167e-02
6.715538599999999860e+03 6.500000000000000222e-01 5.999999999999999778e-02
6.715539600000000064e+03 5.699999999999999512e-01 5.000000000000000278e-02
6.715540500000000065e+03 6.500000000000000222e-01 5.000000000000000278e-02
6.715541500000000269e+03 5.200000000000000178e-01 7.000000000000000666e-02
6.715542499999999563e+03 5.699999999999999512e-01 5.999999999999999778e-02
6.715543499999999767e+03 5.799999999999999600e-01 7.000000000000000666e-02
6.717334499999999935e+03 2.999999999999999889e-01 4.000000000000000083e-02
6.720445800000000418e+03 6.300000000000000044e-01 5.999999999999999778e-02
6.721432600000000093e+03 4.299999999999999933e-01 1.100000000000000006e-01
6.721433600000000297e+03 6.300000000000000044e-01 1.100000000000000006e-01
6.721586900000000242e+03 6.099999999999999867e-01 7.000000000000000666e-02
6.721587900000000445e+03 5.699999999999999512e-01 7.000000000000000666e-02
6.721588899999999740e+03 6.199999999999999956e-01 8.000000000000000167e-02
6.721589799999999741e+03 5.799999999999999600e-01 1.199999999999999956e-01
6.721591300000000047e+03 4.699999999999999734e-01 8.000000000000000167e-02
6.721592300000000250e+03 5.300000000000000266e-01 1.300000000000000044e-01
6.722386700000000019e+03 6.099999999999999867e-01 5.000000000000000278e-02
6.722437500000000000e+03 6.700000000000000400e-01 5.000000000000000278e-02
6.722438500000000204e+03 6.199999999999999956e-01 5.000000000000000278e-02
6.722439400000000205e+03 5.999999999999999778e-01 5.999999999999999778e-02
6.722440400000000409e+03 6.600000000000000311e-01 5.000000000000000278e-02
6.723477499999999964e+03 6.199999999999999956e-01 5.999999999999999778e-02
6.723478500000000167e+03 6.800000000000000488e-01 5.999999999999999778e-02
6.723479500000000371e+03 5.899999999999999689e-01 5.999999999999999778e-02
6.723480499999999665e+03 6.099999999999999867e-01 8.000000000000000167e-02
6.723481499999999869e+03 5.300000000000000266e-01 5.999999999999999778e-02
6.723482399999999870e+03 5.100000000000000089e-01 7.000000000000000666e-02
6.726457000000000335e+03 6.099999999999999867e-01 5.999999999999999778e-02
6.728341300000000047e+03 6.099999999999999867e-01 1.100000000000000006e-01
6.728343300000000454e+03 6.400000000000000133e-01 1.100000000000000006e-01
6.728432099999999991e+03 5.999999999999999778e-01 7.000000000000000666e-02
6.728434599999999591e+03 6.199999999999999956e-01 7.000000000000000666e-02
6.730282199999999648e+03 6.600000000000000311e-01 2.099999999999999922e-01
6.730284200000000055e+03 3.900000000000000133e-01 2.200000000000000011e-01
6.730374499999999898e+03 6.600000000000000311e-01 1.799999999999999933e-01
6.730376900000000205e+03 5.600000000000000533e-01 2.099999999999999922e-01
6.730512200000000121e+03 6.899999999999999467e-01 5.999999999999999778e-02
6.730514199999999619e+03 6.199999999999999956e-01 5.999999999999999778e-02
6.739409700000000157e+03 7.199999999999999734e-01 8.000000000000000167e-02
6.741578599999999824e+03 5.100000000000000089e-01 1.000000000000000056e-01
6.741579600000000028e+03 5.500000000000000444e-01 8.999999999999999667e-02
6.741580600000000231e+03 4.899999999999999911e-01 8.999999999999999667e-02
6.741581500000000233e+03 5.799999999999999600e-01 1.799999999999999933e-01
6.741583499999999731e+03 5.400000000000000355e-01 1.100000000000000006e-01
6.741583999999999833e+03 4.500000000000000111e-01 2.200000000000000011e-01
6.741637200000000121e+03 5.500000000000000444e-01 1.199999999999999956e-01
6.743492199999999684e+03 5.400000000000000355e-01 5.999999999999999778e-02
6.743492699999999786e+03 6.199999999999999956e-01 5.000000000000000278e-02
6.743493699999999990e+03 6.600000000000000311e-01 5.999999999999999778e-02
6.743494599999999991e+03 6.500000000000000222e-01 8.000000000000000167e-02
6.743496100000000297e+03 5.300000000000000266e-01 7.000000000000000666e-02
6.743496600000000399e+03 5.799999999999999600e-01 8.000000000000000167e-02
6.743555199999999786e+03 5.799999999999999600e-01 7.000000000000000666e-02
6.743556199999999990e+03 6.700000000000000400e-01 7.000000000000000666e-02
6.744513700000000426e+03 6.400000000000000133e-01 4.000000000000000083e-02
6.744514699999999721e+03 6.600000000000000311e-01 5.000000000000000278e-02
6.744542000000000371e+03 5.699999999999999512e-01 5.999999999999999778e-02
6.744542999999999665e+03 6.099999999999999867e-01 8.000000000000000167e-02
6.744543999999999869e+03 5.200000000000000178e-01 5.999999999999999778e-02
6.744544899999999870e+03 5.999999999999999778e-01 1.000000000000000056e-01
6.745280800000000454e+03 7.299999999999999822e-01 7.000000000000000666e-02
6.747416500000000269e+03 7.099999999999999645e-01 7.000000000000000666e-02
6.749373499999999694e+03 7.099999999999999645e-01 7.000000000000000666e-02
6.751330600000000231e+03 7.800000000000000266e-01 5.999999999999999778e-02
6.751331500000000233e+03 7.900000000000000355e-01 5.999999999999999778e-02
6.751332500000000437e+03 6.700000000000000400e-01 5.999999999999999778e-02
6.751333499999999731e+03 7.099999999999999645e-01 8.000000000000000167e-02
6.751335000000000036e+03 8.000000000000000444e-01 5.999999999999999778e-02
6.751335399999999936e+03 7.199999999999999734e-01 8.000000000000000167e-02
6.751340299999999843e+03 8.000000000000000444e-01 8.000000000000000167e-02
6.755341300000000047e+03 7.700000000000000178e-01 8.000000000000000167e-02
6.760323699999999917e+03 8.900000000000000133e-01 2.300000000000000100e-01
6.760325700000000325e+03 6.700000000000000400e-01 2.099999999999999922e-01
6.760432099999999991e+03 7.800000000000000266e-01 2.000000000000000111e-01
6.760434599999999591e+03 5.799999999999999600e-01 1.900000000000000022e-01
6.762336400000000140e+03 6.300000000000000044e-01 5.000000000000000278e-02
6.764276899999999841e+03 6.099999999999999867e-01 2.399999999999999911e-01
6.764383799999999610e+03 9.000000000000000222e-01 1.600000000000000033e-01
6.764386199999999917e+03 7.199999999999999734e-01 1.400000000000000133e-01
6.764475099999999657e+03 5.699999999999999512e-01 1.700000000000000122e-01
6.764477499999999964e+03 5.000000000000000000e-01 1.600000000000000033e-01
6.768227100000000064e+03 7.500000000000000000e-01 7.000000000000000666e-02
6.771328099999999722e+03 6.800000000000000488e-01 4.000000000000000083e-02
6.771330600000000231e+03 7.199999999999999734e-01 4.000000000000000083e-02
6.771420399999999972e+03 6.899999999999999467e-01 5.000000000000000278e-02
6.771422800000000279e+03 6.400000000000000133e-01 5.000000000000000278e-02
6.772233900000000176e+03 7.500000000000000000e-01 8.000000000000000167e-02
6.772522899999999936e+03 4.199999999999999845e-01 8.000000000000000167e-02
6.772523900000000140e+03 6.300000000000000044e-01 7.000000000000000666e-02
6.772524400000000242e+03 5.100000000000000089e-01 7.000000000000000666e-02
6.772525400000000445e+03 6.999999999999999556e-01 1.100000000000000006e-01
6.772526899999999841e+03 5.400000000000000355e-01 7.000000000000000666e-02
6.774402299999999741e+03 6.999999999999999556e-01 4.000000000000000083e-02
6.774404800000000250e+03 6.899999999999999467e-01 4.000000000000000083e-02
6.776447299999999814e+03 7.099999999999999645e-01 5.000000000000000278e-02
6.776448199999999815e+03 7.099999999999999645e-01 5.000000000000000278e-02
6.776449200000000019e+03 6.099999999999999867e-01 5.999999999999999778e-02
6.776449700000000121e+03 6.700000000000000400e-01 8.000000000000000167e-02
6.776451200000000426e+03 5.799999999999999600e-01 5.999999999999999778e-02
6.776452199999999721e+03 6.899999999999999467e-01 8.000000000000000167e-02
6.778284700000000157e+03 6.899999999999999467e-01 7.000000000000000666e-02
6.778285600000000159e+03 7.099999999999999645e-01 5.999999999999999778e-02
6.778286600000000362e+03 7.299999999999999822e-01 5.000000000000000278e-02
6.778287599999999657e+03 6.999999999999999556e-01 8.000000000000000167e-02
6.778288599999999860e+03 7.700000000000000178e-01 5.999999999999999778e-02
6.778289600000000064e+03 7.700000000000000178e-01 8.000000000000000167e-02
6.780233900000000176e+03 7.800000000000000266e-01 7.000000000000000666e-02
6.780293999999999869e+03 7.600000000000000089e-01 5.999999999999999778e-02
6.780294899999999870e+03 6.800000000000000488e-01 5.999999999999999778e-02
6.780295900000000074e+03 6.600000000000000311e-01 7.000000000000000666e-02
6.780296900000000278e+03 7.199999999999999734e-01 8.000000000000000167e-02
6.780297800000000279e+03 7.700000000000000178e-01 7.000000000000000666e-02
6.780298799999999574e+03 6.700000000000000400e-01 8.999999999999999667e-02
6.781336900000000242e+03 7.399999999999999911e-01 5.999999999999999778e-02
6.781337900000000445e+03 6.400000000000000133e-01 5.999999999999999778e-02
6.781338899999999740e+03 6.300000000000000044e-01 5.999999999999999778e-02
6.781339799999999741e+03 6.800000000000000488e-01 8.000000000000000167e-02
6.781340799999999945e+03 6.999999999999999556e-01 7.000000000000000666e-02
6.781341800000000148e+03 7.399999999999999911e-01 8.999999999999999667e-02
6.782246600000000399e+03 6.899999999999999467e-01 7.000000000000000666e-02
6.783248099999999795e+03 7.099999999999999645e-01 7.000000000000000666e-02
6.783328099999999722e+03 6.700000000000000400e-01 7.000000000000000666e-02
6.783329099999999926e+03 7.500000000000000000e-01 7.000000000000000666e-02
6.783330100000000130e+03 6.600000000000000311e-01 7.000000000000000666e-02
6.783330600000000231e+03 6.899999999999999467e-01 8.999999999999999667e-02
6.783332000000000335e+03 7.500000000000000000e-01 7.000000000000000666e-02
6.783332999999999629e+03 7.299999999999999822e-01 1.000000000000000056e-01
6.789307099999999991e+03 7.600000000000000089e-01 1.700000000000000122e-01
6.789309599999999591e+03 7.500000000000000000e-01 1.600000000000000033e-01
6.789406699999999546e+03 5.300000000000000266e-01 2.099999999999999922e-01
6.789409200000000055e+03 4.899999999999999911e-01 2.099999999999999922e-01
6.793331500000000233e+03 6.300000000000000044e-01 1.799999999999999933e-01
6.793333999999999833e+03 6.199999999999999956e-01 1.900000000000000022e-01
6.794188500000000204e+03 6.999999999999999556e-01 5.000000000000000278e-02
6.794190400000000409e+03 7.700000000000000178e-01 5.000000000000000278e-02
6.795175299999999879e+03 5.699999999999999512e-01 5.999999999999999778e-02
6.795201200000000426e+03 6.800000000000000488e-01 4.000000000000000083e-02
6.795203599999999824e+03 7.399999999999999911e-01 4.000000000000000083e-02
6.798408699999999953e+03 5.999999999999999778e-01 4.000000000000000083e-02
6.798409700000000157e+03 6.199999999999999956e-01 4.000000000000000083e-02
6.798410600000000159e+03 6.099999999999999867e-01 4.000000000000000083e-02
6.798412599999999657e+03 6.400000000000000133e-01 5.000000000000000278e-02
6.798413599999999860e+03 6.099999999999999867e-01 5.999999999999999778e-02
6.799211400000000140e+03 6.800000000000000488e-01 7.000000000000000666e-02
6.800472700000000259e+03 6.500000000000000222e-01 8.999999999999999667e-02
6.800511199999999917e+03 5.999999999999999778e-01 8.999999999999999667e-02
6.800512200000000121e+03 4.799999999999999822e-01 8.999999999999999667e-02
6.800513200000000325e+03 6.400000000000000133e-01 1.000000000000000056e-01
6.801332500000000437e+03 7.099999999999999645e-01 5.999999999999999778e-02
6.801333499999999731e+03 7.199999999999999734e-01 7.000000000000000666e-02
6.801333999999999833e+03 7.399999999999999911e-01 7.000000000000000666e-02
6.801335000000000036e+03 6.500000000000000222e-01 1.000000000000000056e-01
6.801336400000000140e+03 7.199999999999999734e-01 7.000000000000000666e-02
6.801337400000000343e+03 6.800000000000000488e-01 1.000000000000000056e-01
6.803392600000000130e+03 7.500000000000000000e-01 5.999999999999999778e-02
6.803393500000000131e+03 5.799999999999999600e-01 5.999999999999999778e-02
6.803394500000000335e+03 7.199999999999999734e-01 7.000000000000000666e-02
6.803395000000000437e+03 5.999999999999999778e-01 8.000000000000000167e-02
6.803396499999999833e+03 6.300000000000000044e-01 5.999999999999999778e-02
6.803397500000000036e+03 6.999999999999999556e-01 8.000000000000000167e-02
6.803457999999999629e+03 6.400000000000000133e-01 7.000000000000000666e-02
6.803458999999999833e+03 6.099999999999999867e-01 7.000000000000000666e-02
6.804187500000000000e+03 8.399999999999999689e-01 8.999999999999999667e-02
6.805397500000000036e+03 6.500000000000000222e-01 5.000000000000000278e-02
6.805397899999999936e+03 6.199999999999999956e-01 5.000000000000000278e-02
6.805398900000000140e+03 6.899999999999999467e-01 5.000000000000000278e-02
6.805399900000000343e+03 6.099999999999999867e-01 5.999999999999999778e-02
6.805400899999999638e+03 6.099999999999999867e-01 5.000000000000000278e-02
6.805401899999999841e+03 6.300000000000000044e-01 5.999999999999999778e-02
6.807277299999999741e+03 7.199999999999999734e-01 7.000000000000000666e-02
6.807277799999999843e+03 6.899999999999999467e-01 5.999999999999999778e-02
6.807278800000000047e+03 5.799999999999999600e-01 5.999999999999999778e-02
6.807279800000000250e+03 6.800000000000000488e-01 8.000000000000000167e-02
6.807281200000000354e+03 6.600000000000000311e-01 5.999999999999999778e-02
6.807281699999999546e+03 5.600000000000000533e-01 7.000000000000000666e-02
6.808258799999999610e+03 8.399999999999999689e-01 8.000000000000000167e-02
6.809443400000000111e+03 6.400000000000000133e-01 5.999999999999999778e-02
6.809444300000000112e+03 5.699999999999999512e-01 5.000000000000000278e-02
6.809444800000000214e+03 6.899999999999999467e-01 5.999999999999999778e-02
6.809445800000000418e+03 5.799999999999999600e-01 7.000000000000000666e-02
6.809447299999999814e+03 6.500000000000000222e-01 5.999999999999999778e-02
6.809448199999999815e+03 5.999999999999999778e-01 8.000000000000000167e-02
6.811420399999999972e+03 6.199999999999999956e-01 4.000000000000000083e-02
6.811421400000000176e+03 5.400000000000000355e-01 4.000000000000000083e-02
6.811422400000000380e+03 5.400000000000000355e-01 4.000000000000000083e-02
6.811423300000000381e+03 5.799999999999999600e-01 5.000000000000000278e-02
6.811424299999999675e+03 5.699999999999999512e-01 4.000000000000000083e-02
6.811425299999999879e+03 5.899999999999999689e-01 5.000000000000000278e-02
6.813226599999999962e+03 8.100000000000000533e-01 8.000000000000000167e-02
6.817278800000000047e+03 7.500000000000000000e-01 1.100000000000000006e-01
6.817281200000000354e+03 6.300000000000000044e-01 1.100000000000000006e-01
6.817366200000000390e+03 6.199999999999999956e-01 8.999999999999999667e-02
6.817368699999999990e+03 7.399999999999999911e-01 8.999999999999999667e-02
6.818258300000000418e+03 5.600000000000000533e-01 1.100000000000000006e-01
6.818260699999999815e+03 6.700000000000000400e-01 1.100000000000000006e-01
6.818350599999999758e+03 8.499999999999999778e-01 1.199999999999999956e-01
6.818353000000000065e+03 7.800000000000000266e-01 1.199999999999999956e-01
6.818438000000000102e+03 5.600000000000000533e-01 5.000000000000000278e-02
6.818440400000000409e+03 6.300000000000000044e-01 5.000000000000000278e-02
6.825185999999999694e+03 5.699999999999999512e-01 5.999999999999999778e-02
6.829210900000000038e+03 5.899999999999999689e-01 5.999999999999999778e-02
6.829319300000000112e+03 6.300000000000000044e-01 5.999999999999999778e-02
6.829319800000000214e+03 6.500000000000000222e-01 5.999999999999999778e-02
6.829320800000000418e+03 5.300000000000000266e-01 5.999999999999999778e-02
6.829321799999999712e+03 6.500000000000000222e-01 5.000000000000000278e-02
6.831303700000000390e+03 5.500000000000000444e-01 4.000000000000000083e-02
6.831304699999999684e+03 5.500000000000000444e-01 4.000000000000000083e-02
6.831305699999999888e+03 5.600000000000000533e-01 4.000000000000000083e-02
6.831306599999999889e+03 5.799999999999999600e-01 5.999999999999999778e-02
6.831307600000000093e+03 5.899999999999999689e-01 4.000000000000000083e-02
6.831308600000000297e+03 5.500000000000000444e-01 5.000000000000000278e-02
6.833210000000000036e+03 6.099999999999999867e-01 7.000000000000000666e-02
6.833312500000000000e+03 5.899999999999999689e-01 5.000000000000000278e-02
6.833313500000000204e+03 4.500000000000000111e-01 5.000000000000000278e-02
6.833314400000000205e+03 5.400000000000000355e-01 4.000000000000000083e-02
6.833315400000000409e+03 5.500000000000000444e-01 5.999999999999999778e-02
6.833316399999999703e+03 5.600000000000000533e-01 5.000000000000000278e-02
6.833317399999999907e+03 5.799999999999999600e-01 5.999999999999999778e-02
6.835306599999999889e+03 5.799999999999999600e-01 4.000000000000000083e-02
6.835307600000000093e+03 5.100000000000000089e-01 4.000000000000000083e-02
6.835308600000000297e+03 5.400000000000000355e-01 4.000000000000000083e-02
6.835309100000000399e+03 5.500000000000000444e-01 5.999999999999999778e-02
6.835310599999999795e+03 5.600000000000000533e-01 4.000000000000000083e-02
6.835311499999999796e+03 5.600000000000000533e-01 5.999999999999999778e-02
6.837189000000000306e+03 5.999999999999999778e-01 7.000000000000000666e-02
6.837306599999999889e+03 6.099999999999999867e-01 5.000000000000000278e-02
6.837307600000000093e+03 5.999999999999999778e-01 5.000000000000000278e-02
6.837308600000000297e+03 5.999999999999999778e-01 5.000000000000000278e-02
6.837309599999999591e+03 5.600000000000000533e-01 5.999999999999999778e-02
6.837310599999999795e+03 5.899999999999999689e-01 5.000000000000000278e-02
6.837311499999999796e+03 5.400000000000000355e-01 5.999999999999999778e-02
6.838286600000000362e+03 6.400000000000000133e-01 5.000000000000000278e-02
6.838289099999999962e+03 5.799999999999999600e-01 5.000000000000000278e-02
6.839300299999999879e+03 5.400000000000000355e-01 5.999999999999999778e-02
6.839301300000000083e+03 4.799999999999999822e-01 5.999999999999999778e-02
6.839302200000000084e+03 4.199999999999999845e-01 5.999999999999999778e-02
6.839303200000000288e+03 5.699999999999999512e-01 7.000000000000000666e-02
6.839304199999999582e+03 6.300000000000000044e-01 5.999999999999999778e-02
6.839305199999999786e+03 6.199999999999999956e-01 7.000000000000000666e-02
6.840301300000000083e+03 6.199999999999999956e-01 4.000000000000000083e-02
6.840303700000000390e+03 6.300000000000000044e-01 4.000000000000000083e-02
6.841304699999999684e+03 5.699999999999999512e-01 5.999999999999999778e-02
6.841305699999999888e+03 6.500000000000000222e-01 5.999999999999999778e-02
6.841306599999999889e+03 4.899999999999999911e-01 5.999999999999999778e-02
6.841307600000000093e+03 5.500000000000000444e-01 7.000000000000000666e-02
6.841308600000000297e+03 5.999999999999999778e-01 5.999999999999999778e-02
6.841309599999999591e+03 5.200000000000000178e-01 7.000000000000000666e-02
6.856233400000000074e+03 6.300000000000000044e-01 4.000000000000000083e-02
6.856235800000000381e+03 5.699999999999999512e-01 5.000000000000000278e-02
7.031425299999999879e+03 5.500000000000000444e-01 1.400000000000000133e-01
7.031427700000000186e+03 4.000000000000000222e-01 1.400000000000000133e-01
7.032469199999999546e+03 5.200000000000000178e-01 1.100000000000000006e-01
7.032471700000000055e+03 5.600000000000000533e-01 1.000000000000000056e-01
7.032556599999999889e+03 3.800000000000000044e-01 1.400000000000000133e-01
7.032559100000000399e+03 4.500000000000000111e-01 1.499999999999999944e-01
7.038487299999999777e+03 2.200000000000000011e-01 2.999999999999999889e-02
7.050293999999999869e+03 4.400000000000000022e-01 5.000000000000000278e-02
7.057464399999999841e+03 5.799999999999999600e-01 1.300000000000000044e-01
7.057466300000000047e+03 5.300000000000000266e-01 1.300000000000000044e-01
7.057467800000000352e+03 4.199999999999999845e-01 1.199999999999999956e-01
7.062375000000000000e+03 5.999999999999999778e-01 1.100000000000000006e-01
7.062377400000000307e+03 5.699999999999999512e-01 1.199999999999999956e-01
7.062476099999999860e+03 4.699999999999999734e-01 7.000000000000000666e-02
7.062478500000000167e+03 6.099999999999999867e-01 8.000000000000000167e-02
7.067372099999999591e+03 5.500000000000000444e-01 5.999999999999999778e-02
7.078418499999999767e+03 5.600000000000000533e-01 8.999999999999999667e-02
7.078419399999999769e+03 5.999999999999999778e-01 1.100000000000000006e-01
7.078420900000000074e+03 5.600000000000000533e-01 8.999999999999999667e-02
7.078421900000000278e+03 6.300000000000000044e-01 1.900000000000000022e-01
7.082473100000000159e+03 4.899999999999999911e-01 5.000000000000000278e-02
7.087417999999999665e+03 7.600000000000000089e-01 2.800000000000000266e-01
7.087419399999999769e+03 8.100000000000000533e-01 2.700000000000000178e-01
7.087421400000000176e+03 3.599999999999999867e-01 2.800000000000000266e-01
7.087497099999999591e+03 7.500000000000000000e-01 2.700000000000000178e-01
7.087498499999999694e+03 6.700000000000000400e-01 2.800000000000000266e-01
7.087500000000000000e+03 7.600000000000000089e-01 2.200000000000000011e-01
7.097479999999999563e+03 4.899999999999999911e-01 5.999999999999999778e-02
7.104440899999999601e+03 6.300000000000000044e-01 5.000000000000000278e-02
7.104441899999999805e+03 6.300000000000000044e-01 5.999999999999999778e-02
7.104454099999999926e+03 6.600000000000000311e-01 4.000000000000000083e-02
7.104455100000000130e+03 6.800000000000000488e-01 5.999999999999999778e-02
7.105557600000000093e+03 5.400000000000000355e-01 5.000000000000000278e-02
7.105558600000000297e+03 5.600000000000000533e-01 5.000000000000000278e-02
7.106472200000000157e+03 6.300000000000000044e-01 8.000000000000000167e-02
7.116461900000000242e+03 8.199999999999999512e-01 5.999999999999999778e-02
7.116463399999999638e+03 7.099999999999999645e-01 5.000000000000000278e-02
7.116464799999999741e+03 5.500000000000000444e-01 5.000000000000000278e-02
7.117290500000000065e+03 4.699999999999999734e-01 1.900000000000000022e-01
7.117292000000000371e+03 5.400000000000000355e-01 1.700000000000000122e-01
7.117293999999999869e+03 1.010000000000000009e+00 1.700000000000000122e-01
7.123526399999999740e+03 5.699999999999999512e-01 8.000000000000000167e-02
7.123527299999999741e+03 5.699999999999999512e-01 1.300000000000000044e-01
7.123528800000000047e+03 6.099999999999999867e-01 8.999999999999999667e-02
7.123529800000000250e+03 5.899999999999999689e-01 1.600000000000000033e-01
7.127217300000000250e+03 6.700000000000000400e-01 7.000000000000000666e-02
7.133407199999999648e+03 6.600000000000000311e-01 5.999999999999999778e-02
7.133408199999999852e+03 6.500000000000000222e-01 1.600000000000000033e-01
7.133411100000000260e+03 6.300000000000000044e-01 5.999999999999999778e-02
7.133412099999999555e+03 6.300000000000000044e-01 7.000000000000000666e-02
7.134465799999999945e+03 5.999999999999999778e-01 5.999999999999999778e-02
7.134466800000000148e+03 7.199999999999999734e-01 7.000000000000000666e-02
7.135172800000000279e+03 7.199999999999999734e-01 8.000000000000000167e-02
7.155306199999999990e+03 5.899999999999999689e-01 5.999999999999999778e-02
7.155385699999999815e+03 6.600000000000000311e-01 7.000000000000000666e-02
7.156452599999999620e+03 6.400000000000000133e-01 1.100000000000000006e-01
7.156453599999999824e+03 6.400000000000000133e-01 2.399999999999999911e-01
7.156457000000000335e+03 6.600000000000000311e-01 1.000000000000000056e-01
7.157431199999999990e+03 5.300000000000000266e-01 7.000000000000000666e-02
7.157432099999999991e+03 5.799999999999999600e-01 1.199999999999999956e-01
7.157434100000000399e+03 5.300000000000000266e-01 7.000000000000000666e-02
7.157435099999999693e+03 6.800000000000000488e-01 8.999999999999999667e-02
7.159164999999999964e+03 4.699999999999999734e-01 5.999999999999999778e-02
7.160354500000000371e+03 5.899999999999999689e-01 5.000000000000000278e-02
7.160355499999999665e+03 6.500000000000000222e-01 7.000000000000000666e-02
7.160356499999999869e+03 6.800000000000000488e-01 5.000000000000000278e-02
7.160357399999999870e+03 6.099999999999999867e-01 5.999999999999999778e-02
7.166164600000000064e+03 5.300000000000000266e-01 7.000000000000000666e-02
7.166313500000000204e+03 7.500000000000000000e-01 7.000000000000000666e-02
7.166317399999999907e+03 6.899999999999999467e-01 7.000000000000000666e-02
7.166318400000000111e+03 6.800000000000000488e-01 8.999999999999999667e-02
7.170233400000000074e+03 6.899999999999999467e-01 8.000000000000000167e-02
7.170235800000000381e+03 6.800000000000000488e-01 8.000000000000000167e-02
7.170453099999999722e+03 6.400000000000000133e-01 5.999999999999999778e-02
7.170455600000000231e+03 6.899999999999999467e-01 5.000000000000000278e-02
7.171168499999999767e+03 5.000000000000000000e-01 1.799999999999999933e-01
7.171170900000000074e+03 5.799999999999999600e-01 1.700000000000000122e-01
7.185171400000000176e+03 7.900000000000000355e-01 8.999999999999999667e-02
7.185449200000000019e+03 5.500000000000000444e-01 5.999999999999999778e-02
7.185450200000000223e+03 6.800000000000000488e-01 8.999999999999999667e-02
7.185451200000000426e+03 6.899999999999999467e-01 8.000000000000000167e-02
7.185452199999999721e+03 6.899999999999999467e-01 1.000000000000000056e-01
7.191417000000000371e+03 6.899999999999999467e-01 5.999999999999999778e-02
7.191417999999999665e+03 6.999999999999999556e-01 8.999999999999999667e-02
7.191418999999999869e+03 7.399999999999999911e-01 7.000000000000000666e-02
7.191419899999999870e+03 6.899999999999999467e-01 1.000000000000000056e-01
7.194397899999999936e+03 6.899999999999999467e-01 5.999999999999999778e-02
7.194398900000000140e+03 6.899999999999999467e-01 7.000000000000000666e-02
7.194399900000000343e+03 7.399999999999999911e-01 5.999999999999999778e-02
7.194400899999999638e+03 6.700000000000000400e-01 7.000000000000000666e-02
7.195397899999999936e+03 6.800000000000000488e-01 5.000000000000000278e-02
7.195398900000000140e+03 7.199999999999999734e-01 5.000000000000000278e-02
7.195598100000000159e+03 5.699999999999999512e-01 7.000000000000000666e-02
7.211239700000000084e+03 8.000000000000000444e-01 5.000000000000000278e-02
7.211242199999999684e+03 8.199999999999999512e-01 5.000000000000000278e-02
7.213275400000000445e+03 7.900000000000000355e-01 5.000000000000000278e-02
7.213276399999999740e+03 7.199999999999999734e-01 5.999999999999999778e-02
7.213277799999999843e+03 7.399999999999999911e-01 5.000000000000000278e-02
7.213278800000000047e+03 7.299999999999999822e-01 5.999999999999999778e-02
7.216264699999999721e+03 6.899999999999999467e-01 5.999999999999999778e-02
7.216265099999999620e+03 8.000000000000000444e-01 8.000000000000000167e-02
7.216266599999999926e+03 7.299999999999999822e-01 5.999999999999999778e-02
7.216267600000000130e+03 7.399999999999999911e-01 8.000000000000000167e-02
7.220248499999999694e+03 8.100000000000000533e-01 1.900000000000000022e-01
7.220249499999999898e+03 7.199999999999999734e-01 1.700000000000000122e-01
7.220250500000000102e+03 8.299999999999999600e-01 1.400000000000000133e-01
7.220251500000000306e+03 7.600000000000000089e-01 3.300000000000000155e-01
7.223351099999999860e+03 6.500000000000000222e-01 5.000000000000000278e-02
7.223352100000000064e+03 6.899999999999999467e-01 7.000000000000000666e-02
7.223353000000000065e+03 6.600000000000000311e-01 5.000000000000000278e-02
7.223354000000000269e+03 6.400000000000000133e-01 7.000000000000000666e-02
7.417362799999999879e+03 9.599999999999999645e-01 8.999999999999999667e-02
7.417364700000000084e+03 9.799999999999999822e-01 8.999999999999999667e-02
7.417433100000000195e+03 1.000000000000000000e+00 8.000000000000000167e-02
7.419522899999999936e+03 1.250000000000000000e+00 1.199999999999999956e-01
7.419523900000000140e+03 1.179999999999999938e+00 1.499999999999999944e-01
7.419525899999999638e+03 1.209999999999999964e+00 1.499999999999999944e-01
7.419526899999999841e+03 1.219999999999999973e+00 1.799999999999999933e-01
7.420522500000000036e+03 1.189999999999999947e+00 8.000000000000000167e-02
7.420523400000000038e+03 1.229999999999999982e+00 1.100000000000000006e-01
7.420524400000000242e+03 1.239999999999999991e+00 1.000000000000000056e-01
7.420525400000000445e+03 1.139999999999999902e+00 1.600000000000000033e-01
7.420564000000000306e+03 1.110000000000000098e+00 8.000000000000000167e-02
7.420564900000000307e+03 1.120000000000000107e+00 1.000000000000000056e-01
7.420566399999999703e+03 1.260000000000000009e+00 8.999999999999999667e-02
7.420567399999999907e+03 1.159999999999999920e+00 1.000000000000000056e-01
7.428450200000000223e+03 1.080000000000000071e+00 1.199999999999999956e-01
7.433514699999999721e+03 1.030000000000000027e+00 5.000000000000000278e-02
7.433515599999999722e+03 1.090000000000000080e+00 1.400000000000000133e-01
7.433519000000000233e+03 1.040000000000000036e+00 4.000000000000000083e-02
7.433520000000000437e+03 1.050000000000000044e+00 5.000000000000000278e-02
7.435404300000000148e+03 1.179999999999999938e+00 1.300000000000000044e-01
7.435481499999999869e+03 9.899999999999999911e-01 8.000000000000000167e-02
7.451456500000000233e+03 9.200000000000000400e-01 1.000000000000000056e-01
7.459534700000000157e+03 1.360000000000000098e+00 7.000000000000000666e-02
7.459535600000000159e+03 1.379999999999999893e+00 7.000000000000000666e-02
7.459536600000000362e+03 1.419999999999999929e+00 7.000000000000000666e-02
7.459537599999999657e+03 1.370000000000000107e+00 7.000000000000000666e-02
7.459538599999999860e+03 1.399999999999999911e+00 7.000000000000000666e-02
7.459539099999999962e+03 1.459999999999999964e+00 8.000000000000000167e-02
7.460470699999999852e+03 1.350000000000000089e+00 5.000000000000000278e-02
7.460471700000000055e+03 1.409999999999999920e+00 5.999999999999999778e-02
7.460472700000000259e+03 1.379999999999999893e+00 5.999999999999999778e-02
7.460473600000000260e+03 1.280000000000000027e+00 5.000000000000000278e-02
7.460474599999999555e+03 1.250000000000000000e+00 5.000000000000000278e-02
7.460475099999999657e+03 1.469999999999999973e+00 5.000000000000000278e-02
7.463400899999999638e+03 1.330000000000000071e+00 1.400000000000000133e-01
7.467339399999999841e+03 1.300000000000000044e+00 1.100000000000000006e-01
7.467341800000000148e+03 1.179999999999999938e+00 1.100000000000000006e-01
7.467524900000000343e+03 1.379999999999999893e+00 1.000000000000000056e-01
7.467527299999999741e+03 1.709999999999999964e+00 1.400000000000000133e-01
7.479510299999999916e+03 1.459999999999999964e+00 5.999999999999999778e-02
7.479511199999999917e+03 1.500000000000000000e+00 7.000000000000000666e-02
7.479512200000000121e+03 1.629999999999999893e+00 7.000000000000000666e-02
7.479513200000000325e+03 1.570000000000000062e+00 7.000000000000000666e-02
7.479514199999999619e+03 1.540000000000000036e+00 7.000000000000000666e-02
7.479515099999999620e+03 1.540000000000000036e+00 7.000000000000000666e-02
7.479516099999999824e+03 1.649999999999999911e+00 7.000000000000000666e-02
7.479533699999999953e+03 1.580000000000000071e+00 7.000000000000000666e-02
7.479534700000000157e+03 1.610000000000000098e+00 7.000000000000000666e-02
7.479535200000000259e+03 1.560000000000000053e+00 7.000000000000000666e-02
7.479536100000000260e+03 1.530000000000000027e+00 7.000000000000000666e-02
7.479537099999999555e+03 1.469999999999999973e+00 7.000000000000000666e-02
7.479538099999999758e+03 1.590000000000000080e+00 7.000000000000000666e-02
7.480498099999999795e+03 1.429999999999999938e+00 8.000000000000000167e-02
7.480602100000000064e+03 1.540000000000000036e+00 1.600000000000000033e-01
7.490225099999999657e+03 1.760000000000000009e+00 2.000000000000000111e-01
7.492341800000000148e+03 1.810000000000000053e+00 1.900000000000000022e-01
7.492530300000000352e+03 2.040000000000000036e+00 8.000000000000000167e-02
7.492531200000000354e+03 1.909999999999999920e+00 8.000000000000000167e-02
7.492532199999999648e+03 1.909999999999999920e+00 8.000000000000000167e-02
7.492533199999999852e+03 1.979999999999999982e+00 8.000000000000000167e-02
7.492534200000000055e+03 2.029999999999999805e+00 8.000000000000000167e-02
7.492535200000000259e+03 2.080000000000000071e+00 1.100000000000000006e-01
7.508396499999999833e+03 2.169999999999999929e+00 7.000000000000000666e-02
7.508397500000000036e+03 2.160000000000000142e+00 7.000000000000000666e-02
7.508398400000000038e+03 2.169999999999999929e+00 7.000000000000000666e-02
7.508399400000000242e+03 2.109999999999999876e+00 8.000000000000000167e-02
7.508400400000000445e+03 2.240000000000000213e+00 7.000000000000000666e-02
7.508401399999999740e+03 2.060000000000000053e+00 8.000000000000000167e-02
7.509419399999999769e+03 1.699999999999999956e+00 8.999999999999999667e-02
7.510319300000000112e+03 2.000000000000000000e+00 2.200000000000000011e-01
7.518313000000000102e+03 1.929999999999999938e+00 2.099999999999999922e-01
7.520297800000000279e+03 2.399999999999999911e+00 8.999999999999999667e-02
7.520298799999999574e+03 2.229999999999999982e+00 8.000000000000000167e-02
7.520299299999999675e+03 2.140000000000000124e+00 8.000000000000000167e-02
7.520300299999999879e+03 2.229999999999999982e+00 1.400000000000000133e-01
7.520302200000000084e+03 2.359999999999999876e+00 8.000000000000000167e-02
7.520303200000000288e+03 2.270000000000000018e+00 1.300000000000000044e-01
7.522185599999999795e+03 1.979999999999999982e+00 1.100000000000000006e-01
7.535330600000000231e+03 2.020000000000000018e+00 1.000000000000000056e-01
7.542348100000000159e+03 2.250000000000000000e+00 7.000000000000000666e-02
7.542349100000000362e+03 2.189999999999999947e+00 5.999999999999999778e-02
7.542350099999999657e+03 2.270000000000000018e+00 5.999999999999999778e-02
7.542351099999999860e+03 2.080000000000000071e+00 7.000000000000000666e-02
7.542352100000000064e+03 2.270000000000000018e+00 7.000000000000000666e-02
7.542353000000000065e+03 2.479999999999999982e+00 8.000000000000000167e-02
7.543453099999999722e+03 1.989999999999999991e+00 2.000000000000000111e-01
7.547382800000000316e+03 2.000000000000000000e+00 5.999999999999999778e-02
7.547383799999999610e+03 1.870000000000000107e+00 1.199999999999999956e-01
7.547385699999999815e+03 1.969999999999999973e+00 5.999999999999999778e-02
7.547386700000000019e+03 1.919999999999999929e+00 5.999999999999999778e-02
7.550163099999999758e+03 1.830000000000000071e+00 2.099999999999999922e-01
7.551169399999999769e+03 2.029999999999999805e+00 7.000000000000000666e-02
7.567282699999999750e+03 2.759999999999999787e+00 8.000000000000000167e-02
7.567283699999999953e+03 2.419999999999999929e+00 7.000000000000000666e-02
7.567284700000000157e+03 2.609999999999999876e+00 7.000000000000000666e-02
7.567285600000000159e+03 2.290000000000000036e+00 8.000000000000000167e-02
7.567286600000000362e+03 2.250000000000000000e+00 5.999999999999999778e-02
7.567287599999999657e+03 2.330000000000000071e+00 8.000000000000000167e-02
7.567314000000000306e+03 2.939999999999999947e+00 8.999999999999999667e-02
7.567314900000000307e+03 2.890000000000000124e+00 8.999999999999999667e-02
7.570201699999999619e+03 2.229999999999999982e+00 2.399999999999999911e-01
7.576163099999999758e+03 2.319999999999999840e+00 2.600000000000000089e-01
7.578286100000000260e+03 2.160000000000000142e+00 8.999999999999999667e-02
7.780772899999999936e+03 2.870000000000000107e+00 2.800000000000000266e-01
7.788528299999999945e+03 2.680000000000000160e+00 5.999999999999999778e-02
7.789442399999999907e+03 2.660000000000000142e+00 2.700000000000000178e-01
7.805348100000000159e+03 2.700000000000000178e+00 2.800000000000000266e-01
7.806508799999999610e+03 2.680000000000000160e+00 5.999999999999999778e-02
7.817316399999999703e+03 2.649999999999999911e+00 2.700000000000000178e-01
7.818416000000000167e+03 2.540000000000000036e+00 7.000000000000000666e-02
7.831465799999999945e+03 2.629999999999999893e+00 8.000000000000000167e-02
7.831769000000000233e+03 2.770000000000000018e+00 2.899999999999999800e-01
7.843263700000000426e+03 2.560000000000000053e+00 2.700000000000000178e-01
7.847358900000000176e+03 2.529999999999999805e+00 1.000000000000000056e-01
7.855395999999999731e+03 3.009999999999999787e+00 1.100000000000000006e-01
7.855397899999999936e+03 2.779999999999999805e+00 1.400000000000000133e-01
7.859219699999999648e+03 2.560000000000000053e+00 2.800000000000000266e-01
7.874207500000000437e+03 2.500000000000000000e+00 2.700000000000000178e-01
7.892293999999999869e+03 2.410000000000000142e+00 2.500000000000000000e-01
7.895292499999999563e+03 2.459999999999999964e+00 5.999999999999999778e-02
7.901208499999999731e+03 2.439999999999999947e+00 2.500000000000000000e-01
7.904218300000000454e+03 2.459999999999999964e+00 8.000000000000000167e-02
7.905248499999999694e+03 2.669999999999999929e+00 2.399999999999999911e-01
7.907233400000000074e+03 2.459999999999999964e+00 1.199999999999999956e-01
7.918164099999999962e+03 2.470000000000000195e+00 2.500000000000000000e-01
7.920348100000000159e+03 2.350000000000000089e+00 1.100000000000000006e-01
7.933420900000000074e+03 2.189999999999999947e+00 2.200000000000000011e-01
7.960245100000000093e+03 2.240000000000000213e+00 5.999999999999999778e-02
6.660208999999999833e+03 6.899999999999999467e-01 1.000000000000000056e-01
6.664513200000000325e+03 7.299999999999999822e-01 1.199999999999999956e-01
6.669500500000000102e+03 7.700000000000000178e-01 1.499999999999999944e-01
6.672479999999999563e+03 6.199999999999999956e-01 1.100000000000000006e-01
6.672482399999999870e+03 6.800000000000000488e-01 1.199999999999999956e-01
6.673450700000000325e+03 6.099999999999999867e-01 1.300000000000000044e-01
6.673452599999999620e+03 8.199999999999999512e-01 1.199999999999999956e-01
6.674470699999999852e+03 7.199999999999999734e-01 1.300000000000000044e-01
6.674472700000000259e+03 8.100000000000000533e-01 1.300000000000000044e-01
6.678536100000000260e+03 7.399999999999999911e-01 7.000000000000000666e-02
6.678538599999999860e+03 5.999999999999999778e-01 7.000000000000000666e-02
6.683451699999999619e+03 6.099999999999999867e-01 8.000000000000000167e-02
6.683454099999999926e+03 7.099999999999999645e-01 8.000000000000000167e-02
6.683479999999999563e+03 6.700000000000000400e-01 8.999999999999999667e-02
6.686411600000000362e+03 6.899999999999999467e-01 7.000000000000000666e-02
6.686414099999999962e+03 6.099999999999999867e-01 7.000000000000000666e-02
6.686473600000000260e+03 6.800000000000000488e-01 8.999999999999999667e-02
6.686501500000000306e+03 6.300000000000000044e-01 7.000000000000000666e-02
6.686503899999999703e+03 6.600000000000000311e-01 7.000000000000000666e-02
6.696778299999999945e+03 6.700000000000000400e-01 1.000000000000000056e-01
6.702391099999999824e+03 8.199999999999999512e-01 1.300000000000000044e-01
6.702393100000000231e+03 7.199999999999999734e-01 1.199999999999999956e-01
6.702485300000000279e+03 5.899999999999999689e-01 8.999999999999999667e-02
6.702487799999999879e+03 7.299999999999999822e-01 8.999999999999999667e-02
6.703390599999999722e+03 4.000000000000000222e-01 1.600000000000000033e-01
6.703393100000000231e+03 4.600000000000000200e-01 1.199999999999999956e-01
6.703488299999999981e+03 5.799999999999999600e-01 1.300000000000000044e-01
6.703490200000000186e+03 6.600000000000000311e-01 1.199999999999999956e-01
6.707335399999999936e+03 8.399999999999999689e-01 1.300000000000000044e-01
6.707426800000000185e+03 7.299999999999999822e-01 1.100000000000000006e-01
6.715388200000000325e+03 5.799999999999999600e-01 8.999999999999999667e-02
6.720445800000000418e+03 5.899999999999999689e-01 8.999999999999999667e-02
6.722386700000000019e+03 5.300000000000000266e-01 8.000000000000000167e-02
6.726457000000000335e+03 5.600000000000000533e-01 8.000000000000000167e-02
6.729329099999999926e+03 7.199999999999999734e-01 7.000000000000000666e-02
6.729331500000000233e+03 6.500000000000000222e-01 7.000000000000000666e-02
6.729432600000000093e+03 5.600000000000000533e-01 7.000000000000000666e-02
6.729435099999999693e+03 6.199999999999999956e-01 8.000000000000000167e-02
6.731287099999999555e+03 5.799999999999999600e-01 1.400000000000000133e-01
6.731289600000000064e+03 8.399999999999999689e-01 1.400000000000000133e-01
6.731382800000000316e+03 5.799999999999999600e-01 1.100000000000000006e-01
6.731385299999999916e+03 8.299999999999999600e-01 1.100000000000000006e-01
6.731483400000000074e+03 6.999999999999999556e-01 1.300000000000000044e-01
6.731485300000000279e+03 8.599999999999999867e-01 1.300000000000000044e-01
6.732348600000000260e+03 5.100000000000000089e-01 2.700000000000000178e-01
6.732351099999999860e+03 6.199999999999999956e-01 2.999999999999999889e-01
6.732450700000000325e+03 7.600000000000000089e-01 1.600000000000000033e-01
6.732453099999999722e+03 8.599999999999999867e-01 1.600000000000000033e-01
6.733309100000000399e+03 6.800000000000000488e-01 1.199999999999999956e-01
6.733311499999999796e+03 8.900000000000000133e-01 1.199999999999999956e-01
6.733457500000000437e+03 7.299999999999999822e-01 1.000000000000000056e-01
6.733460000000000036e+03 5.999999999999999778e-01 1.100000000000000006e-01
6.739409700000000157e+03 7.399999999999999911e-01 1.100000000000000006e-01
6.745280800000000454e+03 6.099999999999999867e-01 8.999999999999999667e-02
6.747416500000000269e+03 7.399999999999999911e-01 1.100000000000000006e-01
6.749373499999999694e+03 7.299999999999999822e-01 1.000000000000000056e-01
6.751340299999999843e+03 7.800000000000000266e-01 1.000000000000000056e-01
6.755341300000000047e+03 7.500000000000000000e-01 1.100000000000000006e-01
6.761329600000000028e+03 7.399999999999999911e-01 1.100000000000000006e-01
6.761332000000000335e+03 6.700000000000000400e-01 1.100000000000000006e-01
6.761435599999999795e+03 6.199999999999999956e-01 1.300000000000000044e-01
6.761437500000000000e+03 6.800000000000000488e-01 1.300000000000000044e-01
6.762461900000000242e+03 4.000000000000000222e-01 1.900000000000000022e-01
6.762464399999999841e+03 9.100000000000000311e-01 1.799999999999999933e-01
6.763357899999999972e+03 7.399999999999999911e-01 8.999999999999999667e-02
6.763360300000000279e+03 6.500000000000000222e-01 8.999999999999999667e-02
6.763455100000000130e+03 7.199999999999999734e-01 8.000000000000000167e-02
6.763457500000000437e+03 6.700000000000000400e-01 8.999999999999999667e-02
6.768227100000000064e+03 7.199999999999999734e-01 8.999999999999999667e-02
6.772233900000000176e+03 7.900000000000000355e-01 1.100000000000000006e-01
6.772304199999999582e+03 6.800000000000000488e-01 5.999999999999999778e-02
6.772306599999999889e+03 7.099999999999999645e-01 5.999999999999999778e-02
6.772395499999999629e+03 7.399999999999999911e-01 7.000000000000000666e-02
6.772397899999999936e+03 6.400000000000000133e-01 5.999999999999999778e-02
6.775410200000000259e+03 6.700000000000000400e-01 8.000000000000000167e-02
6.775412599999999657e+03 7.600000000000000089e-01 8.000000000000000167e-02
6.780233900000000176e+03 8.100000000000000533e-01 1.000000000000000056e-01
6.782246600000000399e+03 7.700000000000000178e-01 1.100000000000000006e-01
6.783248099999999795e+03 7.800000000000000266e-01 1.100000000000000006e-01
6.791322299999999814e+03 6.099999999999999867e-01 2.399999999999999911e-01
6.791324700000000121e+03 9.499999999999999556e-01 2.300000000000000100e-01
6.791420399999999972e+03 8.499999999999999778e-01 3.800000000000000044e-01
6.792309100000000399e+03 9.399999999999999467e-01 1.400000000000000133e-01
6.792311499999999796e+03 8.100000000000000533e-01 1.300000000000000044e-01
6.792402299999999741e+03 7.099999999999999645e-01 1.400000000000000133e-01
6.792404800000000250e+03 5.899999999999999689e-01 1.400000000000000133e-01
6.795175299999999879e+03 6.600000000000000311e-01 1.000000000000000056e-01
6.795346199999999953e+03 7.500000000000000000e-01 1.000000000000000056e-01
6.795348100000000159e+03 8.599999999999999867e-01 1.000000000000000056e-01
6.795433100000000195e+03 8.900000000000000133e-01 1.199999999999999956e-01
6.795435599999999795e+03 8.100000000000000533e-01 1.100000000000000006e-01
6.799211400000000140e+03 7.199999999999999734e-01 1.000000000000000056e-01
6.804187500000000000e+03 8.699999999999999956e-01 1.199999999999999956e-01
6.808258799999999610e+03 8.100000000000000533e-01 1.100000000000000006e-01
6.813226599999999962e+03 8.499999999999999778e-01 1.100000000000000006e-01
6.819329099999999926e+03 8.499999999999999778e-01 2.099999999999999922e-01
6.819331500000000233e+03 1.080000000000000071e+00 1.900000000000000022e-01
6.819421900000000278e+03 7.299999999999999822e-01 1.300000000000000044e-01
6.819424299999999675e+03 8.100000000000000533e-01 1.499999999999999944e-01
6.821266099999999824e+03 9.000000000000000222e-01 1.199999999999999956e-01
6.821268500000000131e+03 7.700000000000000178e-01 1.199999999999999956e-01
6.821360300000000279e+03 1.000000000000000000e+00 1.499999999999999944e-01
6.821362799999999879e+03 6.600000000000000311e-01 1.499999999999999944e-01
6.825185999999999694e+03 6.500000000000000222e-01 1.000000000000000056e-01
6.829210900000000038e+03 5.600000000000000533e-01 8.999999999999999667e-02
6.833210000000000036e+03 5.899999999999999689e-01 1.000000000000000056e-01
6.837189000000000306e+03 6.500000000000000222e-01 1.000000000000000056e-01
6.839272899999999936e+03 7.099999999999999645e-01 7.000000000000000666e-02
6.839275400000000445e+03 7.199999999999999734e-01 7.000000000000000666e-02
6.855268500000000131e+03 6.400000000000000133e-01 7.000000000000000666e-02
6.855270999999999731e+03 5.600000000000000533e-01 5.999999999999999778e-02
7.038487299999999777e+03 2.800000000000000266e-01 8.000000000000000167e-02
7.050293999999999869e+03 4.000000000000000222e-01 8.000000000000000167e-02
7.058390099999999620e+03 4.500000000000000111e-01 1.199999999999999956e-01
7.058392600000000130e+03 8.100000000000000533e-01 1.300000000000000044e-01
7.058470699999999852e+03 5.899999999999999689e-01 1.000000000000000056e-01
7.058472700000000259e+03 5.300000000000000266e-01 8.999999999999999667e-02
7.058524400000000242e+03 5.200000000000000178e-01 8.999999999999999667e-02
7.058526399999999740e+03 5.899999999999999689e-01 8.000000000000000167e-02
7.063439000000000306e+03 5.799999999999999600e-01 8.999999999999999667e-02
7.063441399999999703e+03 4.799999999999999822e-01 8.000000000000000167e-02
7.067372099999999591e+03 4.199999999999999845e-01 8.000000000000000167e-02
7.082473100000000159e+03 5.600000000000000533e-01 1.000000000000000056e-01
7.088325200000000223e+03 4.899999999999999911e-01 1.400000000000000133e-01
7.088327199999999721e+03 6.400000000000000133e-01 1.400000000000000133e-01
7.088414999999999964e+03 4.500000000000000111e-01 1.300000000000000044e-01
7.088417499999999563e+03 1.799999999999999933e-01 1.499999999999999944e-01
7.088497099999999591e+03 5.100000000000000089e-01 1.300000000000000044e-01
7.088499499999999898e+03 5.500000000000000444e-01 1.199999999999999956e-01
7.097479999999999563e+03 5.100000000000000089e-01 1.100000000000000006e-01
7.106472200000000157e+03 7.199999999999999734e-01 1.300000000000000044e-01
7.117440400000000409e+03 6.800000000000000488e-01 1.300000000000000044e-01
7.117442900000000009e+03 4.799999999999999822e-01 1.400000000000000133e-01
7.127217300000000250e+03 5.200000000000000178e-01 1.000000000000000056e-01
7.135172800000000279e+03 4.899999999999999911e-01 8.999999999999999667e-02
7.148243199999999888e+03 7.199999999999999734e-01 1.100000000000000006e-01
7.148245600000000195e+03 7.399999999999999911e-01 1.000000000000000056e-01
7.148374499999999898e+03 6.800000000000000488e-01 8.000000000000000167e-02
7.148376900000000205e+03 7.099999999999999645e-01 8.000000000000000167e-02
7.150329600000000028e+03 6.199999999999999956e-01 1.499999999999999944e-01
7.150332000000000335e+03 5.899999999999999689e-01 1.499999999999999944e-01
7.150440899999999601e+03 5.300000000000000266e-01 1.400000000000000133e-01
7.150443400000000111e+03 2.600000000000000089e-01 1.400000000000000133e-01
7.159164999999999964e+03 2.500000000000000000e-01 7.000000000000000666e-02
7.166164600000000064e+03 4.199999999999999845e-01 1.000000000000000056e-01
7.170332999999999629e+03 8.699999999999999956e-01 8.000000000000000167e-02
7.170335399999999936e+03 7.099999999999999645e-01 8.999999999999999667e-02
7.171276899999999841e+03 5.600000000000000533e-01 1.400000000000000133e-01
7.171279300000000148e+03 7.700000000000000178e-01 1.400000000000000133e-01
7.171366699999999582e+03 8.299999999999999600e-01 1.000000000000000056e-01
7.171369099999999889e+03 6.600000000000000311e-01 1.000000000000000056e-01
7.185171400000000176e+03 8.399999999999999689e-01 1.300000000000000044e-01
7.195598100000000159e+03 9.000000000000000222e-01 1.300000000000000044e-01
7.211301300000000083e+03 6.700000000000000400e-01 1.000000000000000056e-01
7.211303700000000390e+03 9.300000000000000488e-01 8.999999999999999667e-02
7.417502900000000409e+03 1.020000000000000018e+00 7.000000000000000666e-02
7.417504899999999907e+03 1.060000000000000053e+00 7.000000000000000666e-02
7.428450200000000223e+03 1.139999999999999902e+00 1.499999999999999944e-01
7.435404300000000148e+03 1.280000000000000027e+00 1.700000000000000122e-01
7.451456500000000233e+03 1.159999999999999920e+00 1.499999999999999944e-01
7.463400899999999638e+03 1.270000000000000018e+00 1.600000000000000033e-01
7.467428700000000390e+03 1.350000000000000089e+00 8.000000000000000167e-02
7.467430699999999888e+03 1.449999999999999956e+00 8.000000000000000167e-02
7.480602100000000064e+03 1.580000000000000071e+00 1.900000000000000022e-01
7.490225099999999657e+03 1.659999999999999920e+00 2.099999999999999922e-01
7.492341800000000148e+03 1.860000000000000098e+00 2.099999999999999922e-01
7.510319300000000112e+03 2.450000000000000178e+00 2.800000000000000266e-01
7.518313000000000102e+03 1.959999999999999964e+00 2.300000000000000100e-01
7.523424799999999777e+03 2.229999999999999982e+00 1.900000000000000022e-01
7.543453099999999722e+03 1.800000000000000044e+00 2.000000000000000111e-01
7.550163099999999758e+03 1.780000000000000027e+00 2.300000000000000100e-01
7.570201699999999619e+03 2.299999999999999822e+00 2.600000000000000089e-01
7.576163099999999758e+03 2.370000000000000107e+00 2.700000000000000178e-01
7.578205600000000231e+03 2.290000000000000036e+00 1.300000000000000044e-01
7.780772899999999936e+03 2.620000000000000107e+00 2.600000000000000089e-01
7.789442399999999907e+03 2.600000000000000089e+00 2.800000000000000266e-01
7.805348100000000159e+03 2.379999999999999893e+00 2.500000000000000000e-01
7.817316399999999703e+03 2.450000000000000178e+00 2.600000000000000089e-01
7.830499499999999898e+03 2.859999999999999876e+00 7.000000000000000666e-02
7.830501900000000205e+03 2.709999999999999964e+00 7.000000000000000666e-02
7.830503899999999703e+03 2.790000000000000036e+00 7.000000000000000666e-02
7.830507800000000316e+03 2.879999999999999893e+00 7.000000000000000666e-02
7.831769000000000233e+03 2.580000000000000071e+00 2.800000000000000266e-01
7.843263700000000426e+03 2.660000000000000142e+00 2.899999999999999800e-01
7.848338399999999638e+03 2.810000000000000053e+00 8.999999999999999667e-02
7.855224100000000362e+03 2.450000000000000178e+00 1.600000000000000033e-01
7.855226599999999962e+03 2.529999999999999805e+00 1.700000000000000122e-01
7.855309100000000399e+03 2.729999999999999982e+00 1.100000000000000006e-01
7.855311499999999796e+03 2.649999999999999911e+00 1.100000000000000006e-01
7.859219699999999648e+03 2.810000000000000053e+00 3.099999999999999978e-01
7.874207500000000437e+03 2.660000000000000142e+00 2.899999999999999800e-01
7.892293999999999869e+03 2.569999999999999840e+00 2.700000000000000178e-01
7.901208499999999731e+03 2.439999999999999947e+00 2.600000000000000089e-01
7.918164099999999962e+03 2.350000000000000089e+00 2.399999999999999911e-01
7.921329099999999926e+03 2.459999999999999964e+00 1.100000000000000006e-01
7.933420900000000074e+03 2.589999999999999858e+00 2.700000000000000178e-01
