# name   t           band   f      err   
  506    6660.209    0      1.8    0.13  
  506    6664.5132   0      1.91   0.14  
  506    6669.5005   0      1.83   0.14  
  506    6671.4648   0      1.55   0.23  
  506    6671.4668   0      1.81   0.25  
  506    6675.4551   0      1.92   0.19  
  506    6675.457    0      1.8    0.19  
  506    6675.5254   0      1.83   0.15  
  506    6675.5278   0      1.87   0.14  
  506    6677.4683   0      1.96   0.17  
  506    6677.4702   0      1.77   0.19  
  506    6678.4268   0      1.76   0.12  
  506    6678.4287   0      1.84   0.12  
  506    6680.4243   0      1.72   0.15  
  506    6680.4268   0      1.65   0.16  
  506    6683.48     0      1.67   0.12  
  506    6685.418    0      1.76   0.06  
  506    6685.4204   0      1.83   0.06  
  506    6685.519    0      1.76   0.05  
  506    6685.5215   0      1.8    0.05  
  506    6686.4736   0      1.8    0.13  
  506    6696.7783   0      1.69   0.12  
  506    6701.3853   0      1.61   0.25  
  506    6701.3872   0      1.64   0.26  
  506    6701.4868   0      1.76   0.18  
  506    6701.4893   0      1.91   0.18  
  506    6706.3555   0      1.56   0.21  
  506    6706.3579   0      1.73   0.21  
  506    6706.4453   0      1.81   0.16  
  506    6706.4478   0      2.0    0.16  
  506    6712.4917   0      1.68   0.13  
  506    6712.4927   0      1.66   0.16  
  506    6715.3882   0      1.6    0.12  
  506    6715.563    0      1.78   0.12  
  506    6715.564    0      1.85   0.16  
  506    6717.3345   0      1.87   0.14  
  506    6720.4458   0      1.63   0.12  
  506    6722.3867   0      1.64   0.12  
  506    6722.4604   0      1.48   0.12  
  506    6722.4614   0      1.71   0.16  
  506    6723.5015   0      1.65   0.15  
  506    6723.5024   0      1.71   0.17  
  506    6726.457    0      1.57   0.11  
  506    6728.3315   0      1.6    0.2   
  506    6728.334    0      1.54   0.21  
  506    6728.4224   0      1.54   0.13  
  506    6728.4248   0      1.61   0.13  
  506    6730.2725   0      1.59   0.32  
  506    6730.2744   0      1.79   0.3   
  506    6730.3647   0      1.69   0.29  
  506    6730.3672   0      1.32   0.29  
  506    6730.5024   0      1.59   0.15  
  506    6730.5049   0      1.7    0.13  
  506    6739.4097   0      1.43   0.1   
  506    6741.6143   0      1.78   0.23  
  506    6741.6147   0      1.85   0.47  
  506    6744.5278   0      1.79   0.14  
  506    6744.5288   0      1.68   0.18  
  506    6745.2808   0      1.6    0.12  
  506    6747.4165   0      1.35   0.1   
  506    6749.3735   0      1.37   0.1   
  506    6751.3403   0      1.34   0.1   
  506    6751.3555   0      1.07   0.11  
  506    6751.3565   0      1.19   0.15  
  506    6755.3413   0      1.39   0.1   
  506    6760.314    0      1.4    0.31  
  506    6760.3164   0      1.39   0.34  
  506    6760.4228   0      1.22   0.31  
  506    6760.4253   0      1.09   0.28  
  506    6762.3247   0      1.41   0.08  
  506    6762.3272   0      1.47   0.08  
  506    6764.2647   0      1.15   0.5   
  506    6764.2671   0      0.95   0.39  
  506    6764.374    0      1.36   0.24  
  506    6764.3765   0      1.52   0.22  
  506    6764.4658   0      1.32   0.22  
  506    6764.4683   0      1.58   0.22  
  506    6768.2271   0      1.4    0.1   
  506    6771.3188   0      1.41   0.07  
  506    6771.3213   0      1.43   0.07  
  506    6771.4106   0      1.35   0.06  
  506    6771.4131   0      1.35   0.06  
  506    6772.2339   0      1.42   0.11  
  506    6772.5498   0      1.41   0.17  
  506    6772.5508   0      1.45   0.24  
  506    6774.3931   0      1.32   0.08  
  506    6774.395    0      1.38   0.08  
  506    6776.4717   0      1.44   0.12  
  506    6776.4727   0      1.49   0.17  
  506    6778.3091   0      1.01   0.13  
  506    6778.3101   0      1.1    0.16  
  506    6780.2339   0      1.09   0.08  
  506    6780.3188   0      1.39   0.13  
  506    6780.3198   0      1.21   0.17  
  506    6781.3613   0      1.39   0.14  
  506    6781.3618   0      1.24   0.17  
  506    6782.2466   0      1.24   0.09  
  506    6783.2481   0      1.31   0.1   
  506    6783.3574   0      1.13   0.18  
  506    6783.3584   0      1.38   0.26  
  506    6789.2974   0      1.35   0.24  
  506    6789.2998   0      1.25   0.26  
  506    6789.397    0      1.38   0.35  
  506    6789.3994   0      1.27   0.32  
  506    6793.3223   0      1.07   0.26  
  506    6793.3247   0      1.36   0.25  
  506    6794.1787   0      1.32   0.06  
  506    6794.1812   0      1.29   0.06  
  506    6795.1753   0      1.34   0.1   
  506    6795.1914   0      1.27   0.06  
  506    6795.1938   0      1.26   0.06  
  506    6798.4341   0      1.4    0.11  
  506    6798.4351   0      1.42   0.15  
  506    6799.2114   0      1.23   0.09  
  506    6801.3569   0      1.39   0.14  
  506    6801.3579   0      1.28   0.18  
  506    6803.4771   0      1.23   0.18  
  506    6803.478    0      1.24   0.27  
  506    6804.1875   0      1.28   0.1   
  506    6805.4224   0      1.45   0.13  
  506    6805.4233   0      1.33   0.17  
  506    6807.3013   0      1.22   0.13  
  506    6807.3022   0      1.27   0.17  
  506    6808.2588   0      1.33   0.1   
  506    6809.4688   0      1.22   0.13  
  506    6809.4697   0      1.34   0.17  
  506    6811.4453   0      1.31   0.11  
  506    6811.4463   0      1.33   0.13  
  506    6813.2266   0      1.36   0.1   
  506    6817.269    0      1.22   0.11  
  506    6817.2715   0      1.24   0.12  
  506    6817.3565   0      1.31   0.12  
  506    6817.3589   0      1.18   0.13  
  506    6818.2485   0      1.31   0.14  
  506    6818.251    0      1.22   0.14  
  506    6818.3408   0      0.99   0.19  
  506    6818.3433   0      0.89   0.19  
  506    6818.4282   0      1.07   0.1   
  506    6818.4307   0      1.08   0.09  
  506    6825.186    0      1.2    0.09  
  506    6829.2109   0      1.29   0.09  
  506    6831.3281   0      1.15   0.1   
  506    6831.3291   0      1.28   0.13  
  506    6833.21     0      1.22   0.09  
  506    6833.3374   0      1.05   0.13  
  506    6833.3379   0      1.22   0.15  
  506    6833.355    0      1.26   0.12  
  506    6835.3306   0      1.28   0.11  
  506    6835.3315   0      1.36   0.15  
  506    6837.189    0      1.26   0.09  
  506    6837.3335   0      1.15   0.13  
  506    6837.3345   0      1.29   0.16  
  506    6838.2773   0      1.19   0.06  
  506    6838.2793   0      1.15   0.07  
  506    6839.3247   0      1.3    0.15  
  506    6839.3257   0      1.34   0.18  
  506    6840.292    0      1.15   0.06  
  506    6840.294    0      1.2    0.06  
  506    6841.3296   0      1.55   0.15  
  506    6841.3306   0      1.25   0.19  
  506    6856.2241   0      1.21   0.06  
  506    6856.2261   0      1.15   0.06  
  506    7031.416    0      1.04   0.2   
  506    7031.418    0      0.77   0.2   
  506    7032.46     0      0.95   0.17  
  506    7032.4624   0      0.91   0.15  
  506    7032.5474   0      0.93   0.17  
  506    7032.5498   0      0.96   0.18  
  506    7038.4873   0      0.97   0.07  
  506    7050.294    0      1.02   0.08  
  506    7057.4546   0      0.74   0.18  
  506    7057.456    0      0.58   0.2   
  506    7057.458    0      0.69   0.19  
  506    7062.3662   0      0.92   0.15  
  506    7062.3682   0      1.04   0.17  
  506    7062.4668   0      0.92   0.11  
  506    7062.4692   0      0.87   0.1   
  506    7067.3721   0      0.91   0.07  
  506    7078.481    0      0.83   0.14  
  506    7078.4819   0      0.67   0.16  
  506    7082.4731   0      0.82   0.06  
  506    7087.4082   0      1.22   0.39  
  506    7087.4097   0      0.5    0.4   
  506    7087.4116   0      1.06   0.36  
  506    7087.4888   0      0.54   0.33  
  506    7087.4902   0      0.9    0.31  
  506    7097.48     0      0.72   0.06  
  506    7104.4937   0      0.79   0.1   
  506    7104.4946   0      0.73   0.13  
  506    7105.5693   0      0.76   0.13  
  506    7106.4722   0      0.97   0.07  
  506    7116.4565   0      0.8    0.1   
  506    7117.2803   0      0.95   0.29  
  506    7117.2822   0      0.69   0.29  
  506    7117.2837   0      0.88   0.25  
  506    7123.5576   0      0.52   0.23  
  506    7123.5586   0      0.95   0.51  
  506    7127.2173   0      0.96   0.07  
  506    7134.4805   0      0.54   0.23  
  506    7134.4815   0      0.67   0.32  
  506    7134.5      0      0.66   0.16  
  506    7135.1728   0      0.99   0.07  
  506    7149.2388   0      0.8    0.21  
  506    7149.2412   0      0.75   0.23  
  506    7157.456    0      0.66   0.15  
  506    7157.457    0      0.82   0.22  
  506    7159.165    0      0.85   0.06  
  506    7160.3779   0      0.98   0.11  
  506    7160.3789   0      0.78   0.14  
  506    7166.1646   0      0.94   0.07  
  506    7166.3413   0      0.82   0.14  
  506    7166.3423   0      0.73   0.17  
  506    7170.2241   0      0.92   0.12  
  506    7170.2266   0      0.93   0.13  
  506    7170.4443   0      0.89   0.06  
  506    7170.4463   0      0.85   0.06  
  506    7185.1714   0      0.8    0.06  
  506    7185.4751   0      0.98   0.16  
  506    7185.4761   0      0.81   0.23  
  506    7191.4424   0      0.88   0.14  
  506    7191.4434   0      0.78   0.23  
  506    7191.4595   0      0.77   0.17  
  506    7195.5981   0      0.71   0.05  
  506    7211.231    0      0.94   0.07  
  506    7211.2329   0      0.92   0.07  
  506    7213.2993   0      0.92   0.12  
  506    7213.3003   0      1.05   0.14  
  506    7216.2881   0      0.93   0.13  
  506    7216.2891   0      0.84   0.18  
  506    7220.2754   0      0.71   0.16  
  506    7220.2764   0      0.86   0.19  
  506    7223.3745   0      0.71   0.12  
  506    7223.3755   0      0.91   0.15  
  506    7417.353    0      1.26   0.14  
  506    7417.3555   0      1.22   0.14  
  506    7417.4282   0      1.42   0.12  
  506    7420.5459   0      1.41   0.23  
  506    7420.5474   0      1.5    0.19  
  506    7420.5483   0      1.39   0.24  
  506    7420.5879   0      1.45   0.18  
  506    7420.5889   0      1.36   0.24  
  506    7428.4502   0      1.35   0.1   
  506    7433.5381   0      1.31   0.1   
  506    7433.5391   0      1.22   0.11  
  506    7435.4043   0      1.44   0.1   
  506    7435.4731   0      1.26   0.11  
  506    7451.4565   0      1.33   0.1   
  506    7463.4009   0      1.29   0.09  
  506    7467.3301   0      1.19   0.17  
  506    7467.332    0      1.43   0.19  
  506    7467.5156   0      1.21   0.07  
  506    7467.5176   0      1.16   0.08  
  506    7479.5576   0      1.51   0.16  
  506    7479.5586   0      1.6    0.22  
  506    7480.4888   0      1.33   0.11  
  506    7480.6021   0      1.28   0.09  
  506    7490.2251   0      1.45   0.11  
  506    7492.3418   0      1.25   0.09  
  506    7492.5571   0      1.5    0.16  
  506    7492.5581   0      1.54   0.24  
  506    7494.4981   0      1.26   0.28  
  506    7494.5005   0      1.42   0.37  
  506    7508.4204   0      1.46   0.15  
  506    7508.4214   0      1.34   0.16  
  506    7509.4111   0      1.26   0.12  
  506    7510.3193   0      1.16   0.08  
  506    7518.313    0      0.75   0.06  
  506    7520.3247   0      1.27   0.16  
  506    7520.3257   0      1.16   0.21  
  506    7522.1772   0      1.3    0.17  
  506    7535.3223   0      1.19   0.13  
  506    7542.3711   0      1.25   0.12  
  506    7542.3721   0      1.36   0.13  
  506    7543.4531   0      1.07   0.08  
  506    7547.4053   0      1.34   0.11  
  506    7547.4058   0      1.37   0.12  
  506    7550.1631   0      1.09   0.1   
  506    7551.1646   0      1.14   0.1   
  506    7567.3076   0      1.18   0.14  
  506    7567.3081   0      1.12   0.17  
  506    7570.2017   0      1.05   0.08  
  506    7576.1631   0      1.03   0.08  
  506    7578.2783   0      1.06   0.1   
  506    7780.7729   0      0.94   0.07  
  506    7788.5205   0      0.98   0.07  
  506    7789.4424   0      0.97   0.07  
  506    7805.3481   0      0.99   0.07  
  506    7806.501    0      1.04   0.07  
  506    7817.3164   0      1.01   0.07  
  506    7818.4082   0      1.01   0.09  
  506    7831.458    0      0.92   0.09  
  506    7831.769    0      1.02   0.08  
  506    7843.2637   0      0.9    0.07  
  506    7847.3511   0      0.84   0.14  
  506    7855.3867   0      1.18   0.15  
  506    7855.3892   0      0.82   0.15  
  506    7859.2197   0      0.89   0.07  
  506    7874.2075   0      0.84   0.06  
  506    7892.294    0      0.64   0.05  
  506    7895.2847   0      0.68   0.07  
  506    7901.2085   0      0.68   0.05  
  506    7904.2104   0      0.71   0.11  
  506    7905.2407   0      1.28   0.07  
  506    7905.3218   0      0.42   0.1   
  506    7907.2256   0      0.75   0.18  
  506    7918.1641   0      0.69   0.05  
  506    7920.3403   0      0.65   0.14  
  506    7933.4209   0      0.67   0.05  
  506    7960.2373   0      0.6    0.07  
  506    6660.209    0      1.63   0.18  
  506    6664.5132   0      2.01   0.21  
  506    6669.5005   0      2.12   0.23  
  506    6672.4697   0      1.65   0.18  
  506    6672.4722   0      1.79   0.18  
  506    6673.4409   0      1.41   0.17  
  506    6673.4434   0      1.84   0.17  
  506    6674.4609   0      1.91   0.15  
  506    6674.4634   0      1.67   0.15  
  506    6674.5498   0      1.62   0.15  
  506    6674.5522   0      1.8    0.15  
  506    6678.5269   0      1.75   0.12  
  506    6678.5293   0      1.81   0.11  
  506    6683.4424   0      1.69   0.1   
  506    6683.4443   0      1.61   0.1   
  506    6683.48     0      1.34   0.16  
  506    6686.4023   0      1.59   0.1   
  506    6686.4043   0      1.82   0.1   
  506    6686.4736   0      1.77   0.19  
  506    6686.4922   0      1.71   0.09  
  506    6686.4946   0      1.83   0.1   
  506    6696.7783   0      1.79   0.19  
  506    6702.3813   0      1.81   0.19  
  506    6702.3838   0      1.73   0.2   
  506    6702.4761   0      1.5    0.13  
  506    6702.4785   0      1.89   0.13  
  506    6703.4785   0      1.42   0.17  
  506    6703.481    0      1.56   0.17  
  506    6707.3262   0      1.66   0.19  
  506    6707.3281   0      1.73   0.18  
  506    6707.4175   0      1.57   0.16  
  506    6707.4199   0      1.76   0.19  
  506    6712.5347   0      1.82   0.12  
  506    6712.5356   0      1.86   0.15  
  506    6715.3882   0      1.47   0.17  
  506    6715.6069   0      1.57   0.11  
  506    6715.6079   0      1.58   0.14  
  506    6717.3345   0      1.78   0.19  
  506    6720.4458   0      1.56   0.17  
  506    6722.3867   0      1.54   0.17  
  506    6722.5049   0      1.8    0.12  
  506    6722.5059   0      1.88   0.15  
  506    6723.5449   0      1.85   0.14  
  506    6723.5459   0      1.61   0.17  
  506    6726.457    0      1.77   0.19  
  506    6729.3193   0      1.49   0.11  
  506    6729.3218   0      1.41   0.11  
  506    6729.4233   0      1.66   0.1   
  506    6729.4253   0      1.88   0.1   
  506    6731.2773   0      1.43   0.17  
  506    6731.2798   0      1.41   0.17  
  506    6731.3735   0      1.82   0.15  
  506    6731.3755   0      1.67   0.15  
  506    6731.4736   0      1.61   0.18  
  506    6731.4761   0      1.45   0.16  
  506    6732.3389   0      1.64   0.4   
  506    6732.3413   0      1.41   0.41  
  506    6732.4414   0      1.23   0.27  
  506    6732.4434   0      1.67   0.28  
  506    6733.2993   0      1.36   0.18  
  506    6733.3018   0      1.53   0.19  
  506    6733.4482   0      1.25   0.17  
  506    6733.4502   0      1.44   0.16  
  506    6739.4097   0      1.57   0.17  
  506    6741.5478   0      1.57   0.16  
  506    6741.5488   0      1.71   0.26  
  506    6744.5845   0      1.4    0.13  
  506    6744.5854   0      1.54   0.18  
  506    6745.2808   0      1.78   0.19  
  506    6747.4165   0      1.27   0.15  
  506    6749.3735   0      1.12   0.14  
  506    6751.3403   0      1.28   0.15  
  506    6751.3989   0      1.45   0.11  
  506    6751.3999   0      1.48   0.15  
  506    6755.3413   0      1.38   0.16  
  506    6761.312    0      1.61   0.18  
  506    6761.3223   0      1.52   0.17  
  506    6761.4258   0      1.3    0.16  
  506    6761.4282   0      1.52   0.17  
  506    6762.4522   0      1.5    0.21  
  506    6762.4546   0      1.23   0.22  
  506    6763.3481   0      1.29   0.12  
  506    6763.3506   0      1.49   0.12  
  506    6763.4458   0      1.33   0.13  
  506    6763.4478   0      1.45   0.13  
  506    6768.2271   0      1.29   0.15  
  506    6772.2339   0      1.29   0.15  
  506    6772.2944   0      1.25   0.08  
  506    6772.2969   0      1.22   0.08  
  506    6772.3857   0      1.17   0.11  
  506    6772.3882   0      1.19   0.1   
  506    6775.4009   0      1.34   0.12  
  506    6775.4033   0      1.4    0.11  
  506    6776.5151   0      1.34   0.13  
  506    6776.5161   0      1.25   0.2   
  506    6778.3525   0      1.55   0.15  
  506    6778.3535   0      1.4    0.2   
  506    6780.2339   0      1.03   0.13  
  506    6780.3628   0      1.46   0.13  
  506    6780.3638   0      1.16   0.17  
  506    6780.3799   0      1.15   0.11  
  506    6780.397    0      1.2    0.14  
  506    6782.2466   0      1.11   0.14  
  506    6783.2481   0      1.13   0.14  
  506    6791.313    0      1.41   0.24  
  506    6791.3149   0      1.12   0.25  
  506    6791.4082   0      0.82   0.53  
  506    6792.2993   0      1.4    0.18  
  506    6792.3018   0      1.23   0.18  
  506    6792.3926   0      1.38   0.19  
  506    6792.395    0      1.31   0.19  
  506    6795.1753   0      1.19   0.15  
  506    6795.3364   0      1.24   0.13  
  506    6795.3389   0      1.41   0.15  
  506    6795.4233   0      1.35   0.2   
  506    6795.4258   0      1.06   0.19  
  506    6798.4824   0      1.22   0.15  
  506    6798.4834   0      1.37   0.21  
  506    6799.2114   0      1.07   0.14  
  506    6801.4155   0      1.53   0.23  
  506    6801.4165   0      1.36   0.42  
  506    6801.439    0      0.98   0.15  
  506    6804.1875   0      1.32   0.16  
  506    6805.4692   0      1.22   0.16  
  506    6805.4702   0      1.29   0.25  
  506    6807.3452   0      1.37   0.11  
  506    6807.3462   0      1.24   0.16  
  506    6808.2588   0      1.28   0.15  
  506    6811.4897   0      1.63   0.13  
  506    6811.4907   0      1.59   0.18  
  506    6813.2266   0      1.22   0.15  
  506    6819.3193   0      1.03   0.21  
  506    6819.3218   0      0.99   0.2   
  506    6819.4121   0      1.5    0.21  
  506    6819.4146   0      1.49   0.21  
  506    6821.2568   0      1.28   0.18  
  506    6821.2588   0      1.38   0.15  
  506    6821.3511   0      1.52   0.22  
  506    6821.353    0      1.45   0.18  
  506    6825.186    0      1.27   0.15  
  506    6829.2109   0      1.6    0.17  
  506    6831.3721   0      1.36   0.1   
  506    6831.3731   0      1.12   0.14  
  506    6833.21     0      1.44   0.16  
  506    6833.3897   0      1.29   0.12  
  506    6833.3906   0      1.22   0.19  
  506    6835.3862   0      1.26   0.1   
  506    6835.3872   0      1.25   0.14  
  506    6837.189    0      1.34   0.16  
  506    6837.3853   0      1.05   0.12  
  506    6837.3862   0      1.2    0.17  
  506    6839.2632   0      1.18   0.09  
  506    6839.2656   0      1.23   0.09  
  506    6855.2593   0      1.26   0.09  
  506    6855.2617   0      1.12   0.09  
  506    7038.4873   0      1.03   0.14  
  506    7050.294    0      1.08   0.14  
  506    7058.3813   0      0.98   0.21  
  506    7058.3838   0      0.48   0.21  
  506    7058.4619   0      0.76   0.17  
  506    7058.4639   0      1.1    0.16  
  506    7058.5156   0      0.95   0.12  
  506    7058.5181   0      0.98   0.12  
  506    7063.4297   0      0.89   0.12  
  506    7063.4321   0      0.65   0.12  
  506    7067.3721   0      0.75   0.11  
  506    7082.4731   0      0.94   0.13  
  506    7088.3159   0      0.63   0.22  
  506    7088.3184   0      0.64   0.21  
  506    7088.4062   0      0.73   0.17  
  506    7088.4087   0      1.02   0.18  
  506    7088.4883   0      0.83   0.15  
  506    7088.4902   0      0.73   0.15  
  506    7097.48     0      0.73   0.12  
  506    7106.4722   0      1.12   0.14  
  506    7117.4312   0      0.8    0.18  
  506    7117.4336   0      0.74   0.18  
  506    7127.2173   0      0.96   0.13  
  506    7135.1728   0      0.96   0.13  
  506    7148.2344   0      0.63   0.17  
  506    7148.2363   0      0.77   0.15  
  506    7148.3682   0      0.94   0.19  
  506    7150.3208   0      0.9    0.17  
  506    7150.3228   0      0.68   0.22  
  506    7150.4321   0      0.63   0.2   
  506    7150.4341   0      0.93   0.2   
  506    7157.5083   0      0.34   0.17  
  506    7157.5098   0      0.66   0.34  
  506    7159.165    0      0.93   0.13  
  506    7160.5562   0      0.32   0.19  
  506    7160.5571   0      0.81   0.45  
  506    7166.1646   0      0.97   0.13  
  506    7170.3237   0      0.83   0.11  
  506    7170.3262   0      0.94   0.12  
  506    7171.2681   0      0.79   0.19  
  506    7171.27     0      0.67   0.21  
  506    7171.3579   0      1.04   0.12  
  506    7171.3603   0      1.02   0.13  
  506    7185.1714   0      0.67   0.11  
  506    7195.5981   0      0.83   0.12  
  506    7211.2925   0      0.77   0.13  
  506    7211.2949   0      0.82   0.14  
  506    7213.3423   0      0.97   0.11  
  506    7213.3433   0      0.99   0.15  
  506    7217.3286   0      0.84   0.14  
  506    7217.3296   0      0.78   0.21  
  506    7221.2876   0      0.99   0.1   
  506    7221.2891   0      0.96   0.13  
  506    7223.3291   0      0.95   0.09  
  506    7223.3301   0      1.0    0.15  
  506    7223.3491   0      0.78   0.11  
  506    7417.4937   0      1.04   0.1   
  506    7417.4956   0      1.28   0.1   
  506    7420.6431   0      1.25   0.12  
  506    7420.644    0      1.06   0.16  
  506    7428.4502   0      1.36   0.16  
  506    7433.5908   0      1.28   0.09  
  506    7433.5923   0      1.2    0.18  
  506    7433.6455   0      1.11   0.1   
  506    7433.6465   0      1.24   0.17  
  506    7435.4043   0      1.53   0.17  
  506    7451.4565   0      1.61   0.18  
  506    7463.4009   0      1.72   0.19  
  506    7467.419    0      1.16   0.13  
  506    7467.4214   0      1.42   0.12  
  506    7479.6206   0      1.2    0.16  
  506    7479.6216   0      1.3    0.41  
  506    7480.6021   0      1.3    0.16  
  506    7490.2251   0      1.52   0.18  
  506    7492.3418   0      1.33   0.16  
  506    7492.479    0      1.0    0.15  
  506    7492.4805   0      1.06   0.34  
  506    7508.4761   0      1.08   0.13  
  506    7508.4771   0      1.12   0.29  
  506    7510.3193   0      1.41   0.16  
  506    7518.313    0      0.92   0.13  
  506    7520.3843   0      1.06   0.12  
  506    7520.3853   0      1.03   0.23  
  506    7523.4165   0      1.33   0.26  
  506    7543.4531   0      1.25   0.15  
  506    7543.4595   0      1.0    0.14  
  506    7543.4604   0      1.08   0.43  
  506    7550.1631   0      1.21   0.18  
  506    7570.2017   0      1.32   0.16  
  506    7576.1631   0      1.27   0.15  
  506    7578.1973   0      0.89   0.16  
  506    7780.7729   0      1.04   0.14  
  506    7789.4424   0      0.93   0.13  
  506    7798.3008   0      0.87   0.16  
  506    7805.3481   0      0.96   0.13  
  506    7817.3164   0      0.91   0.13  
  506    7830.4912   0      0.82   0.1   
  506    7830.4932   0      0.81   0.09  
  506    7831.769    0      0.76   0.12  
  506    7843.2637   0      0.72   0.11  
  506    7848.3306   0      0.83   0.13  
  506    7855.2153   0      0.89   0.22  
  506    7855.2178   0      0.66   0.25  
  506    7855.3003   0      0.97   0.15  
  506    7855.3022   0      0.73   0.14  
  506    7859.2197   0      0.81   0.12  
  506    7874.2075   0      0.7    0.11  
  506    7892.294    0      0.71   0.11  
  506    7901.2085   0      0.61   0.11  
  506    7918.1641   0      0.59   0.11  
  506    7921.3213   0      0.75   0.15  
  506    7933.4209   0      0.68   0.11  
