# name t        band f      err  
  506  6660.209 1    147.39 6.09 
  506  6664.513 1    154.07 7.85 
  506  6669.5   1    135.97 12.69
  506  6683.48  1    150.36 5.36 
  506  6686.473 1    154.51 5.65 
  506  6696.778 1    154.72 5.39 
  506  6715.388 1    151.32 5.03 
  506  6717.334 1    152.53 5.25 
  506  6720.446 1    164.2  5.65 
  506  6722.387 1    160.35 5.32 
  506  6726.457 1    153.76 4.96 
  506  6739.41  1    137.13 5.4  
  506  6745.281 1    152.59 5.49 
  506  6747.416 1    133.19 5.32 
  506  6749.373 1    142.17 4.9  
  506  6751.34  1    143.03 4.67 
  506  6755.341 1    154.61 5.96 
  506  6768.227 1    152.9  4.82 
  506  6772.234 1    146.81 4.7  
  506  6780.234 1    129.63 3.94 
  506  6782.247 1    141.93 4.8  
  506  6783.248 1    146.83 5.35 
  506  6795.175 1    152.97 6.33 
  506  6799.212 1    132.65 3.86 
  506  6804.187 1    139.68 5.89 
  506  6808.259 1    133.48 5.29 
  506  6813.227 1    132.27 4.73 
  506  6825.186 1    137.8  4.67 
  506  6829.211 1    135.12 5.72 
  506  6833.21  1    126.22 5.05 
  506  6837.189 1    124.94 4.28 
  506  7038.487 1    125.89 5.51 
  506  7050.294 1    127.47 5.28 
  506  7067.372 1    112.27 5.01 
  506  7082.473 1    107.27 4.75 
  506  7097.48  1    90.27  7.56 
  506  7106.472 1    114.57 5.33 
  506  7127.217 1    114.06 5.6  
  506  7135.173 1    111.8  5.76 
  506  7159.165 1    103.97 5.33 
  506  7166.165 1    101.95 5.26 
  506  7185.171 1    106.92 4.94 
  506  7195.598 1    88.5   6.64 
  506  7428.45  1    115.06 5.42 
  506  7435.404 1    118.36 5.66 
  506  7451.456 1    110.7  5.57 
  506  7463.401 1    103.08 5.66 
  506  7480.602 1    112.03 4.99 
  506  7490.225 1    117.6  8.67 
  506  7492.342 1    109.81 5.05 
  506  7510.319 1    116.42 4.75 
  506  7518.313 1    92.33  5.14 
  506  7543.453 1    113.98 6.51 
  506  7550.163 1    110.48 18.27
  506  7570.201 1    110.5  5.6  
  506  7576.163 1    107.03 6.21 
  506  7780.773 1    98.24  4.77 
  506  7789.442 1    94.75  5.09 
  506  7805.348 1    96.15  5.39 
  506  7817.317 1    97.22  5.23 
  506  7831.769 1    99.79  5.54 
  506  7843.264 1    101.81 5.37 
  506  7859.22  1    107.36 5.26 
  506  7874.208 1    99.9   5.52 
  506  7892.294 1    84.67  6.11 
  506  7901.209 1    89.09  5.39 
  506  7918.164 1    90.36  5.83 
